Depth = 2.5pt
Height = 8.64003pt
TotalHeight = 11.14003pt
Width = 23.77783pt
